0 0.5890625 0.38671875 0.0484375 0.178125
0 0.68984375 0.4015625 0.04296875 0.1921875
0 0.7296875 0.41015625 0.04296875 0.2140625
0 0.8078125 0.4125 0.0671875 0.2859375
0 0.7640625 0.41328125 0.0484375 0.240625
0 0.86328125 0.4421875 0.05546875 0.27890625
0 0.92578125 0.4484375 0.06484375 0.321875
0 0.40859375 0.4515625 0.103125 0.38671875
0 0.51171875 0.5828125 0.10546875 0.52421875
1 0.25703125 0.60546875 0.1734375 0.39921875
1 0.64296875 0.6078125 0.17578125 0.4234375
1 0.32578125 0.696875 0.271875 0.603125