0 0.5336538461538461 0.3293269230769231 0.10096153846153846 0.2704326923076923
0 0.4266826923076923 0.3389423076923077 0.09134615384615384 0.296875
0 0.6358173076923077 0.3581730769230769 0.08653846153846154 0.2608173076923077
0 0.18028846153846154 0.375 0.09735576923076923 0.23317307692307693
0 0.3389423076923077 0.38822115384615385 0.10336538461538461 0.30528846153846156
0 0.25961538461538464 0.39783653846153844 0.08774038461538461 0.2668269230769231
1 0.6995192307692307 0.5204326923076923 0.12620192307692307 0.36899038461538464
1 0.4519230769230769 0.5228365384615384 0.13581730769230768 0.3858173076923077
1 0.5817307692307693 0.5288461538461539 0.13942307692307693 0.3401442307692308
1 0.17668269230769232 0.53125 0.16346153846153846 0.3858173076923077
1 0.3173076923076923 0.5504807692307693 0.1310096153846154 0.36658653846153844