0 0.40384615384615385 0.18269230769230768 0.06610576923076923 0.21514423076923078
0 0.5901442307692307 0.23918269230769232 0.17307692307692307 0.35697115384615385
0 0.18509615384615385 0.24879807692307693 0.12379807692307693 0.3389423076923077
0 0.9086538461538461 0.3401442307692308 0.18028846153846154 0.5360576923076923
0 0.3125 0.34615384615384615 0.19831730769230768 0.49038461538461536
1 0.578125 0.38822115384615385 0.25961538461538464 0.45072115384615385
1 0.27283653846153844 0.5444711538461539 0.33533653846153844 0.5240384615384616
0 0.7379807692307693 0.10817307692307693 0.038461538461538464 0.109375
0 0.7668269230769231 0.11057692307692307 0.037259615384615384 0.11778846153846154
0 0.6538461538461539 0.125 0.06971153846153846 0.13822115384615385
0 0.4699519230769231 0.15144230769230768 0.07692307692307693 0.19831730769230768