3 0.20092500000000002 0.7867799999999999 0.3306 0.42556
3 0.30050625 0.23664 0.20476250000000001 0.18528
3 0.0902875 0.63095 0.180575 0.5099
3 0.8589375 0.71651 0.216625 0.44903
3 0.31550625 0.57772 0.1947625 0.43143
0 0.5064375 0.44981 0.28006875000000003 0.8563200000000001
0 0.7701625 0.44662999999999997 0.1469375 0.73541
3 0.11288125 0.47731 0.2257625 0.35133
3 0.3141125 0.45788 0.2296 0.31974
3 0.6844437499999999 0.52481 0.19071249999999998 0.5154099999999999
3 0.5285375 0.54447 0.27095625 0.26019
3 0.525275 0.74151 0.25760625000000004 0.18882
3 0.71135625 0.75219 0.11273125 0.21744999999999998
3 0.9451125 0.6306 0.109775 0.41064
3 0.905625 0.34538 0.18875625 0.25838