3 0.8307291666666666 0.40185185185185185 0.07395833333333333 0.2
3 0.60653125 0.3317222222222222 0.041015625 0.07455555555555556
0 0.29658333333333337 0.16972222222222225 0.087859375 0.12498148148148147
0 0.43448437500000003 0.16717592592592595 0.0589375 0.2735925925925926
0 0.481296875 0.16856481481481483 0.0496875 0.27081481481481484
0 0.5488125 0.19669444444444445 0.05097395833333333 0.28632407407407406
0 0.5878125 0.1809537037037037 0.06998958333333333 0.2715092592592593
0 0.6237499999999999 0.11880555555555555 0.04173958333333334 0.14350925925925928
0 0.644453125 0.21532407407407408 0.07649479166666667 0.2976666666666667
0 0.568734375 0.06590740740740741 0.029359375 0.08957407407407407
0 0.8462239583333333 0.2113888888888889 0.07079687500000001 0.34719444444444447
0 0.952546875 0.2262037037037037 0.06260416666666667 0.34534259259259265