3 0.480875 0.716125 0.1887265625 0.44890277777777776
3 0.6369687500000001 0.70725 0.1602890625 0.42006944444444444
3 0.46555468749999995 0.11136111111111112 0.16434375 0.1782638888888889
3 0.2613046875 0.08055555555555556 0.1629140625 0.16111111111111112
3 0.8485625000000001 0.10255555555555557 0.20535156250000003 0.15511111111111112
3 0.8306328125 0.5939722222222222 0.1535 0.2657083333333333
3 0.943796875 0.6676666666666667 0.11240625 0.28176388888888887
3 0.8216875 0.8543888888888889 0.1672265625 0.23968055555555554
3 0.173046875 0.8130694444444444 0.0980703125 0.28170833333333334
3 0.9510703125 0.8990694444444445 0.0978671875 0.2018611111111111
3 0.6700468749999999 0.152625 0.0798046875 0.0947638888888889
3 0.96453125 0.35120833333333334 0.0709453125 0.24348611111111113
3 0.8815156249999999 0.3496944444444444 0.1017890625 0.24418055555555557
3 0.7837890625 0.36162500000000003 0.10321093750000002 0.19024999999999997
3 0.66034375 0.3535138888888889 0.077015625 0.18330555555555555
3 0.512609375 0.4049027777777777 0.13185156250000002 0.06201388888888889
3 0.19339062499999998 0.32990277777777777 0.091171875 0.23052777777777778
0 0.3521796875 0.523986111111111 0.39959375 0.9520277777777778