0 0.0682265625 0.5403055555555555 0.13625 0.34615277777777775
0 0.269921875 0.41170833333333334 0.10882031249999999 0.36616666666666664
0 0.176953125 0.46863888888888894 0.10611718750000002 0.3748472222222222
3 0.1434453125 0.5624444444444444 0.0910234375 0.13863888888888887
3 0.5633203124999999 0.836388888888889 0.10792187499999999 0.28934722222222226
0 0.628890625 0.2945277777777778 0.0581796875 0.17944444444444443
3 0.3651953125 0.9454722222222223 0.1101484375 0.10904166666666668
0 0.4637109375 0.5462638888888889 0.23028906249999997 0.9074722222222222
0 0.8070625 0.5326944444444445 0.385875 0.9204305555555556
0 0.6786015625 0.29418055555555556 0.05315625 0.14558333333333331
3 0.6379374999999999 0.9577083333333333 0.1401875 0.08304166666666667
0 0.9397265625 0.7402500000000001 0.12055468750000001 0.5194861111111111
3 0.8678125 0.749361111111111 0.095109375 0.18077777777777776
0 0.3596640625 0.37168055555555557 0.0846640625 0.2326111111111111