3 0.5025922679026408 0.714214952580965 0.2099964493952699 0.45744083703942984
3 0.34807749057132253 0.7002711481298471 0.17994532272436103 0.42601812021691715
3 0.5463381033179553 0.110095079142594 0.17245789735836253 0.1853658491396783
3 0.7528699139879096 0.08467640174408445 0.17069540268936265 0.1681692587805987
3 0.1645704826543642 0.08966142193756052 0.21282835868872624 0.1637271984757484
3 0.15963370325432183 0.5810631267580206 0.16564537070336197 0.27125789734428024
3 0.0525051926320925 0.6520210422526735 0.105010385264185 0.2865829154946528
3 0.15581617055223254 0.8420051719375605 0.1778544693666348 0.24633062021691715
3 0.8060343465547779 0.8194735825604396 0.11113968403881636 0.2865647347764938
3 0.03921375728041153 0.8825579699457707 0.07842751456082306 0.20675906010845857
3 0.3404784546467282 0.14488421136156374 0.08393974267981755 0.09735678903121973