3 0.166 0.3753358208955224 0.13349333333333335 0.48039179104477614
3 0.06506666666666666 0.01960820895522388 0.07144 0.03686567164179105
3 0.27397333333333335 0.02380597014925373 0.06793333333333333 0.04763059701492538
3 0.13512000000000002 0.02134328358208955 0.07169333333333333 0.04158582089552239
3 0.08625333333333333 0.39115671641791044 0.16330666666666668 0.4610820895522388
3 0.018466666666666666 0.018190298507462687 0.036 0.03292910447761194
2 0.36544 0.025111940298507465 0.03970666666666667 0.05022388059701493
3 0.45841333333333334 0.5271455223880597 0.36451999999999996 0.7541417910447762
3 0.34180000000000005 0.024235074626865673 0.0554 0.04845149253731343
3 0.42213333333333336 0.02651119402985075 0.05842666666666667 0.0530410447761194
3 0.25904 0.3375373134328358 0.11122666666666667 0.45175373134328356
3 0.945 0.15093283582089553 0.09029333333333334 0.2798320895522388
3 0.8804933333333334 0.1476679104477612 0.08261333333333333 0.27703358208955225
3 0.80916 0.14475746268656717 0.08526666666666667 0.2712126865671642
3 0.7478266666666666 0.13904850746268657 0.08126666666666667 0.2523134328358209
3 0.6907333333333333 0.13916044776119404 0.06042666666666667 0.24509328358208957
3 0.48572000000000004 0.031623134328358206 0.06293333333333334 0.06326492537313433
3 0.5367333333333334 0.0292910447761194 0.05160000000000001 0.05860074626865672
3 0.5927333333333333 0.031156716417910447 0.07692 0.0623320895522388