2 0.4856916666666667 0.32267942583732057 0.17555833333333332 0.6453429027113238
2 0.91415 0.3160287081339713 0.16875833333333332 0.6320414673046252
3 0.8225083333333333 0.5071929824561403 0.13635 0.31440191387559807
2 0.06729166666666667 0.16811802232854864 0.1229 0.3362519936204147
2 0.18098333333333333 0.33400318979266347 0.190825 0.6680063795853269
2 0.30641666666666667 0.1834768740031898 0.13393333333333332 0.3669537480063796
2 0.7343500000000001 0.2881499202551834 0.16208333333333333 0.5763157894736842
3 0.6083666666666666 0.47505582137161084 0.12712500000000002 0.2981977671451356
3 0.1107 0.46885167464114835 0.10819166666666667 0.37199362041467304
3 0.2758083333333334 0.49639553429027117 0.13490833333333332 0.33674641148325357
2 0.5957583333333333 0.1743062200956938 0.07390000000000001 0.34647527910685805
3 0.40994166666666665 0.49079744816586923 0.16013333333333332 0.3218819776714513
2 0.9643833333333334 0.31996810207336523 0.07050833333333334 0.6399362041467305
3 0.7966166666666668 0.4230622009569378 0.11532499999999998 0.2683572567783094