3 0.40246875 0.7823749999999999 0.159625 0.37030555555555555
3 0.561796875 0.7881388888888889 0.1657734375 0.3901527777777778
0 0.4034140625 0.4671944444444444 0.1427578125 0.3177222222222222
0 0.5680546875 0.4653194444444444 0.157984375 0.2861944444444445
2 0.7690625 0.5728333333333333 0.2658203125 0.5293472222222222
2 0.9167343750000001 0.41334722222222225 0.0899453125 0.251125
2 0.9468125000000001 0.3418333333333333 0.037601562500000005 0.14881944444444445
2 0.7923125 0.375625 0.055781250000000004 0.109
2 0.730203125 0.356875 0.043546875 0.07705555555555556
2 0.6540234375 0.36393055555555553 0.029226562499999997 0.08377777777777778
2 0.056195312500000004 0.40779166666666666 0.11239062500000001 0.18816666666666665
2 0.0566015625 0.2993472222222222 0.037625 0.08794444444444445
2 0.18935156250000001 0.3184444444444444 0.0491953125 0.1446527777777778
2 0.23225781250000002 0.36590277777777774 0.052968749999999995 0.09141666666666666