2 0.437875 0.5170277777777778 0.41643749999999996 0.8856527777777777
3 0.387109375 0.12013888888888889 0.09296875 0.10138888888888889
3 0.3796875 0.5569444444444445 0.0828125 0.20833333333333334
3 0.3632109375 0.7474027777777777 0.0934765625 0.199625
1 0.15042187499999998 0.07222222222222222 0.18780468749999998 0.14444444444444443
3 0.22925 0.6540833333333333 0.18934375 0.457
3 0.9394609375 0.5265138888888888 0.121078125 0.3358333333333334
3 0.840734375 0.14183333333333334 0.1171484375 0.23074999999999998
3 0.7067109375 0.5902361111111112 0.15028906250000001 0.13319444444444445
3 0.101609375 0.6683055555555556 0.0895234375 0.29125
3 0.958390625 0.12836111111111112 0.0811171875 0.25672222222222224
3 0.836453125 0.5656111111111112 0.1315859375 0.17454166666666668
3 0.718375 0.36294444444444446 0.147578125 0.19002777777777777
1 0.76428125 0.694125 0.1261875 0.08812500000000001
3 0.5728359375000001 0.06706944444444445 0.2058984375 0.126875
3 0.040507812500000004 0.7610138888888888 0.08101562500000001 0.15006944444444445
1 0.671203125 0.7971944444444444 0.2281171875 0.3272777777777778
3 0.8718515625000001 0.862 0.2508828125 0.26887500000000003
2 0.4024453125 0.2722916666666667 0.04503125 0.06681944444444445
0 0.7523515625 0.3903611111111111 0.0824609375 0.14143055555555556
3 0.9391562499999999 0.41566666666666663 0.1180078125 0.11509722222222223
3 0.9127109375 0.12220833333333332 0.0382265625 0.15209722222222222
2 0.39403125 0.31375000000000003 0.06825 0.14394444444444446
3 0.171671875 0.3539861111111111 0.1458515625 0.0642638888888889
3 0.8626640625 0.6874444444444444 0.10116406250000001 0.16215277777777778
3 0.6893203125 0.6298472222222222 0.12474218749999999 0.18387499999999998
3 0.44664843750000005 0.9232916666666666 0.08034375 0.15320833333333334