2 0.1907109375 0.5695 0.3814296875 0.8465277777777778
3 0.2627421875 0.5182638888888889 0.0491171875 0.11986111111111111
3 0.6769453125 0.8603055555555555 0.1672890625 0.2794027777777778
2 0.3262890625 0.4024166666666667 0.08409375 0.403375
2 0.5074921875 0.5672777777777778 0.21214062500000003 0.8535833333333334
1 0.3145078125 0.3217777777777778 0.057460937499999996 0.12502777777777777
1 0.3879609375 0.4997916666666667 0.04659375 0.09670833333333333
2 0.221296875 0.3965694444444444 0.076765625 0.4423194444444445
2 0.378390625 0.34547222222222224 0.058359375000000005 0.2667083333333333
2 0.4478046875 0.3020555555555555 0.06325 0.16997222222222222
2 0.6827421874999999 0.5373472222222222 0.1275859375 0.7040277777777777
2 0.7761484375000001 0.5415694444444444 0.2041640625 0.9168472222222223
2 0.9185234375 0.27762499999999996 0.05221875 0.1667361111111111
2 0.826796875 0.25059722222222225 0.1408203125 0.33490277777777777
1 0.6316171875000001 0.6483194444444444 0.0625703125 0.29106944444444444
1 0.597640625 0.8231805555555556 0.098421875 0.29356944444444444
1 0.4398515625 0.8768888888888889 0.1823984375 0.24622222222222223