3 0.46897656249999997 0.8537777777777779 0.09678125 0.2575138888888889
2 0.4750546875 0.5658055555555556 0.144734375 0.855986111111111
2 0.157796875 0.34220833333333334 0.0666484375 0.22727777777777775
2 0.9406171875 0.38277777777777783 0.10785156250000001 0.3575416666666667
3 0.8020078125 0.46481944444444445 0.0405546875 0.14723611111111112
3 0.584921875 0.44105555555555553 0.037375000000000005 0.10441666666666667
3 0.1280234375 0.3725833333333333 0.0271796875 0.08025
3 0.14709375 0.41518055555555555 0.015992187499999998 0.057791666666666665
3 0.9449921874999999 0.47470833333333334 0.046015625 0.11483333333333334
2 0.28326562499999997 0.5774305555555556 0.21653906250000002 0.8332361111111111
2 0.67525 0.5261388888888889 0.1902578125 0.9132638888888889
2 0.076875 0.3844305555555556 0.08878125 0.2552222222222222
2 0.8953671875 0.3730416666666666 0.0804609375 0.3114166666666667
2 0.3952734375 0.31527777777777777 0.0460078125 0.18759722222222222
2 0.3086796875 0.2758333333333333 0.043390625 0.11226388888888889
2 0.7849999999999999 0.33897222222222223 0.05354687500000001 0.27694444444444444
2 0.615421875 0.32498611111111114 0.056195312500000004 0.18520833333333334
2 0.35965625 0.29183333333333333 0.0360546875 0.09540277777777778
2 0.105359375 0.34276388888888887 0.0577265625 0.21081944444444442
1 0.9178359374999999 0.3170138888888889 0.0438828125 0.08538888888888889
2 0.515625 0.2773888888888889 0.0241328125 0.06259722222222222
2 0.5491328125 0.281125 0.016859375 0.044527777777777784
3 0.3762734375 0.9444722222222222 0.1430859375 0.11104166666666668
2 0.46925 0.4113611111111111 0.1397890625 0.4562361111111111
2 0.1973359375 0.296 0.03396875 0.08887500000000001
0 0.06782031250000001 0.34076388888888887 0.0658046875 0.0785138888888889
2 0.039070312499999996 0.31018055555555557 0.038859375 0.11915277777777779
2 0.101734375 0.293875 0.056398437499999995 0.11358333333333334