2 0.074421875 0.6310972222222222 0.14884375 0.7180972222222222
3 0.5869140625 0.5196944444444445 0.360171875 0.7838333333333334
3 0.2162109375 0.8049861111111112 0.04378125 0.08775
3 0.23345312499999998 0.8655416666666668 0.050671875 0.08108333333333334
3 0.35440625 0.8457083333333333 0.0230078125 0.04747222222222222
3 0.3373984375 0.851138888888889 0.020515625000000003 0.06445833333333333
2 0.1744375 0.7718055555555556 0.081421875 0.2746805555555556
2 0.320125 0.7898194444444444 0.0492734375 0.21663888888888888
2 0.36321875000000003 0.749263888888889 0.0904140625 0.44009722222222225
1 0.31717968750000003 0.76175 0.0405 0.052069444444444446
1 0.060546875 0.55975 0.1210859375 0.23883333333333334
2 0.053234375 0.8237361111111111 0.1054921875 0.3519861111111111
0 0.121265625 0.6224166666666666 0.066359375 0.12980555555555554
2 0.10485156250000001 0.20731944444444445 0.20970312500000002 0.41104166666666664