0 0.828125 0.1971153846153846 0.040865384615384616 0.20793269230769232
0 0.44591346153846156 0.19831730769230768 0.06490384615384616 0.21033653846153846
0 0.16346153846153846 0.20673076923076922 0.06370192307692307 0.234375
0 0.8665865384615384 0.22235576923076922 0.051682692307692304 0.27163461538461536
0 0.9230769230769231 0.2403846153846154 0.06009615384615385 0.22716346153846154
0 0.5817307692307693 0.39663461538461536 0.09615384615384616 0.5745192307692307
0 0.7367788461538461 0.40384615384615385 0.13942307692307693 0.43990384615384615
0 0.3233173076923077 0.4338942307692308 0.1141826923076923 0.7608173076923077
0 0.6742788461538461 0.546875 0.1310096153846154 0.3557692307692308
0 0.29447115384615385 0.5528846153846154 0.24879807692307693 0.7788461538461539
1 0.5288461538461539 0.6009615384615384 0.34975961538461536 0.7151442307692307
0 0.24158653846153846 0.15504807692307693 0.052884615384615384 0.19110576923076922
0 0.5024038461538461 0.15865384615384615 0.052884615384615384 0.18509615384615385
0 0.7019230769230769 0.15865384615384615 0.04927884615384615 0.17427884615384615
0 0.7740384615384616 0.1622596153846154 0.04326923076923077 0.17067307692307693
0 0.9615384615384616 0.16706730769230768 0.03485576923076923 0.1778846153846154
0 0.19831730769230768 0.17067307692307693 0.042067307692307696 0.19110576923076922