0 0.828125 0.196875 0.040625 0.209375
0 0.44609375 0.1984375 0.06484375 0.21171875
0 0.16328125 0.20703125 0.06484375 0.2359375
0 0.86640625 0.22265625 0.053125 0.271875
0 0.9234375 0.240625 0.06015625 0.228125
0 0.58203125 0.396875 0.09609375 0.57421875
0 0.73671875 0.40390625 0.1390625 0.43984375
0 0.3234375 0.43359375 0.11328125 0.76171875
0 0.67421875 0.546875 0.13203125 0.35546875
0 0.29453125 0.553125 0.25 0.77890625
1 0.52890625 0.60078125 0.35078125 0.7140625
0 0.24140625 0.1546875 0.053125 0.1921875
0 0.50234375 0.15859375 0.053125 0.18515625
0 0.7015625 0.15859375 0.05078125 0.17578125
0 0.77421875 0.1625 0.04296875 0.1703125
0 0.96171875 0.1671875 0.0359375 0.178125
0 0.1984375 0.1703125 0.04296875 0.1921875