0 0.7525846153846154 0.39058 0.03243076923076923 0.09906000000000001
0 0.21550769230769232 0.35304 0.04456923076923077 0.13269999999999998
0 0.7081692307692308 0.38882 0.02396923076923077 0.09559999999999999
0 0.9014 0.39130000000000004 0.024323076923076923 0.09656
0 0.5823692307692308 0.4814 0.23473846153846156 0.8447
0 0.12372307692307692 0.34124 0.03566153846153846 0.12106
0 0.8389538461538463 0.40142 0.028892307692307693 0.07940000000000001
0 0.15521538461538462 0.35152 0.0346 0.13218000000000002
0 0.2918461538461538 0.35731999999999997 0.02906153846153846 0.11631999999999999
3 0.4250307692307692 0.73126 0.285 0.49682
0 0.3899846153846154 0.36807999999999996 0.034692307692307696 0.12776
0 0.8029692307692307 0.39564 0.019907692307692307 0.06344
0 0.31966153846153844 0.30960000000000004 0.016676923076923075 0.03194
0 0.4796615384615384 0.35176 0.02066153846153846 0.04178
0 0.4949076923076923 0.34772000000000003 0.015676923076923078 0.040100000000000004
0 0.40024615384615386 0.36722000000000005 0.025338461538461535 0.12128
0 0.34006153846153847 0.31464 0.021599999999999998 0.026420000000000003
3 0.14816923076923078 0.38480000000000003 0.03210769230769231 0.05806
3 0.20876923076923076 0.34206 0.030738461538461537 0.04468
3 0.39438461538461544 0.40943999999999997 0.018123076923076922 0.03464