3 0.09625 0.4773060029282577 0.1925 0.39824304538799415
3 0.07989375 0.15058565153733527 0.15979374999999998 0.30117130307467055
3 0.0840625 0.821376281112738 0.168125 0.35724743777452417
3 0.32239375000000003 0.7658418740849195 0.12978125000000001 0.39844802342606145
3 0.46755625 0.7584626647144949 0.11761250000000001 0.3924743777452416
3 0.36565 0.7209077598828697 0.13255625000000001 0.41985358711566617
3 0.6369312500000001 0.7023133235724743 0.12510625 0.5115080527086384
3 0.77528125 0.6217862371888726 0.17056875000000002 0.6725622254758419
3 0.8275 0.7855051244509517 0.16125 0.4289897510980966
3 0.92081875 0.6251830161054173 0.1553875 0.6354172767203514
3 0.35974375000000003 0.5260761346998536 0.15304375 0.19120058565153733
3 0.4826 0.7032796486090775 0.12480000000000001 0.42850658857979507