3 0.8146551724137931 0.53125 0.3706896551724138 0.6931818181818182
3 0.43653448275862067 0.6863352272727273 0.1972241379310345 0.3499147727272727
0 0.14620689655172414 0.4377840909090909 0.2924137931034483 0.8740056818181817
0 0.3686896551724138 0.44369318181818185 0.14475862068965517 0.8858522727272727
0 0.47098275862068967 0.4433806818181818 0.39318965517241383 0.8795170454545453
0 0.7706896551724138 0.4763068181818182 0.2303793103448276 0.8373295454545455
3 0.8963793103448275 0.17877840909090909 0.07705172413793103 0.3575852272727273
3 0.5380344827586206 0.2080681818181818 0.20855172413793102 0.1874715909090909
3 0.1842758620689655 0.6964488636363636 0.12863793103448276 0.17181818181818181
3 0.18672413793103448 0.5784375 0.13236206896551722 0.14982954545454547
3 0.19606896551724137 0.46928977272727274 0.11656896551724139 0.10769886363636362