0 0.47817692307692305 0.2951150627615063 0.03180769230769231 0.1285355648535565
1 0.46680000000000005 0.3189644351464435 0.04921538461538461 0.10850418410041841
0 0.4401615384615385 0.30585774058577403 0.04573846153846154 0.15584728033472806
1 0.4266384615384615 0.33425732217573223 0.06421538461538462 0.10996861924686192
0 0.40106923076923073 0.326255230125523 0.05592307692307692 0.19443514644351464
1 0.4091 0.36084728033472807 0.08269230769230769 0.1755020920502092
0 0.19443846153846156 0.3254602510460251 0.07134615384615385 0.22360878661087868
0 0.1075 0.36943514644351466 0.0799076923076923 0.29081589958158993
1 0.3077923076923077 0.4471338912133891 0.12128461538461538 0.2731694560669456
0 0.3242846153846154 0.41607740585774056 0.12128461538461538 0.4272907949790795
0 0.5393461538461538 0.40055439330543935 0.08958461538461537 0.3778347280334728
1 0.5835307692307693 0.4638075313807531 0.1728769230769231 0.3559832635983263