0 0.5555047619047618 0.33631921824104233 0.037885714285714286 0.2263843648208469
0 0.05272380952380952 0.36644951140065146 0.10085714285714287 0.501628664495114
0 0.7495428571428572 0.3406514657980456 0.06521904761904762 0.27289902280130296
0 0.8051809523809524 0.37003257328990224 0.033523809523809525 0.21410423452768731
0 0.8395619047619047 0.3697068403908795 0.033523809523809525 0.2134201954397394
0 0.9452380952380952 0.366742671009772 0.055504761904761904 0.2431596091205212
0 0.6791619047619047 0.4077524429967427 0.11912380952380952 0.5545928338762215
0 0.4316 0.5029967426710097 0.16803809523809524 0.7290879478827362
1 0.3456 0.6518892508143322 0.26203809523809524 0.6609446254071661
1 0.6219809523809524 0.5208143322475569 0.18024761904761905 0.44276872964169384
1 0.7813904761904762 0.455114006514658 0.12666666666666668 0.34335504885993484
1 0.8508952380952381 0.43478827361563516 0.1129904761904762 0.2510749185667752
1 0.935847619047619 0.40332247557003253 0.08721904761904761 0.22977198697068407
1 0.9775428571428572 0.3909120521172639 0.04493333333333333 0.1590228013029316
0 0.6358666666666667 0.3346905537459283 0.0431047619047619 0.226742671009772
0 0.5003619047619048 0.3358631921824104 0.02944761904761905 0.20895765472312705