0 0.8764475873544093 0.254481897627965 0.09605657237936771 0.3128714107365793
0 0.6385108153078203 0.2228714107365793 0.052246256239600664 0.2760549313358302
0 0.6176289517470882 0.2602247191011236 0.06195507487520799 0.2937827715355805
0 0.42391014975041597 0.23257178526841446 0.07634775374376039 0.32456928838951316
0 0.30499168053244596 0.1572409488139825 0.03355241264559068 0.1327840199750312
0 0.33310316139767054 0.14901373283395755 0.031888519134775375 0.16123595505617977
0 0.35338602329450913 0.1663920099875156 0.0305324459234609 0.14570536828963795
0 0.36366888519134777 0.16354556803995007 0.04111480865224626 0.15439450686641698
0 0.12430948419301163 0.1872159800249688 0.06362728785357738 0.2081398252184769
1 0.09670549084858569 0.2363920099875156 0.07636439267886856 0.18551810237203495
0 0.15232113144758735 0.30303370786516853 0.10969217970049916 0.473083645443196
1 0.2745091514143095 0.2560049937578027 0.08571547420965059 0.21705368289637955
1 0.17893510815307823 0.6264044943820225 0.24876871880199666 0.7380524344569288
1 0.5441181364392679 0.45853932584269663 0.2189018302828619 0.5119101123595506
1 0.6748419301164725 0.3321847690387016 0.11724625623960067 0.32766541822721595
1 0.8220049916805324 0.33046192259675405 0.14351913477537437 0.3135455680399501
1 0.8490848585690516 0.3790886392009987 0.14647254575707155 0.39350811485642945