0 0.8931043046357615 0.5109417596034697 0.18619205298013244 0.7802850061957869
0 0.7233112582781457 0.5015737298636926 0.15359271523178808 0.6666047087980174
0 0.6036506622516556 0.4023172242874845 0.11540562913907285 0.5132342007434945
0 0.6058443708609271 0.4629491945477076 0.14240066225165562 0.5931350681536556
0 0.4947102649006623 0.4620074349442379 0.13489238410596024 0.5781040892193309
0 0.3686506622516556 0.4797026022304833 0.11098509933774833 0.5255018587360595
0 0.25272350993377485 0.4475588599752169 0.12175496688741723 0.5753159851301115
0 0.13518211920529802 0.43872366790582407 0.13251655629139075 0.5560346964064437
1 0.11740066225165563 0.5846840148698884 0.22932119205298013 0.6094175960346965
1 0.35275662251655626 0.6089591078066915 0.17881622516556292 0.575824039653036
1 0.6149006622516556 0.6546840148698885 0.2367549668874172 0.6411524163568773