0 0.8279842519685039 0.2570621468926554 0.04417322834645669 0.21813559322033899
0 0.6439370078740158 0.26573446327683614 0.03368503937007874 0.14903954802259886
0 0.7517795275590551 0.40847457627118644 0.10836220472440945 0.6490677966101696
0 0.5355590551181102 0.3150847457627119 0.04990551181102362 0.3299717514124294
0 0.2239842519685039 0.27367231638418077 0.02777952755905512 0.14189265536723164
0 0.3655590551181102 0.29912429378531075 0.053433070866141734 0.32245762711864406
0 0.018409448818897636 0.2981920903954802 0.03681889763779527 0.20223163841807912
0 0.07226771653543307 0.30536723163841806 0.05784251968503937 0.23988700564971752
0 0.30329133858267715 0.33152542372881355 0.05546456692913385 0.3658757062146893
1 0.3270393700787401 0.43381355932203386 0.15225196850393702 0.38805084745762713
0 0.2754488188976378 0.3868361581920904 0.07707086614173228 0.4238700564971752