0 0.4769609375 0.573375 0.1698046875 0.8219166666666666
3 0.4589921875 0.9224583333333333 0.11234375 0.15509722222222222
3 0.633421875 0.49802777777777774 0.0376328125 0.11223611111111112
3 0.552640625 0.4357083333333333 0.0202421875 0.07301388888888889
3 0.3908671875 0.4457083333333334 0.0340546875 0.11272222222222222
3 0.24371874999999998 0.44854166666666667 0.028109375 0.04606944444444445
3 0.8853125000000001 0.5431944444444444 0.054476562500000006 0.15661111111111112
3 0.06703125 0.41015277777777776 0.03265625 0.06606944444444444
3 0.1076953125 0.4131666666666667 0.044414062500000004 0.06875
0 0.7231015625 0.5298472222222222 0.25228125 0.9223333333333333
0 0.527625 0.32790277777777777 0.055109375 0.16527777777777777
0 0.1916328125 0.5929444444444445 0.1823828125 0.8140972222222221
0 0.36046875 0.3136805555555556 0.05736718750000001 0.11494444444444445
0 0.8625937499999999 0.4216944444444444 0.06978124999999999 0.3492361111111111
0 0.30549218749999996 0.30927777777777776 0.0372265625 0.12169444444444445
3 0.46441406250000006 0.8370138888888888 0.12475 0.3259722222222222
0 0.43234374999999997 0.30836111111111114 0.0437578125 0.12093055555555554
0 0.9804765625 0.45813888888888893 0.038828125000000005 0.2888611111111111
0 0.6641171875 0.3792083333333333 0.04825 0.210625
0 0.4023203125 0.32180555555555557 0.0288203125 0.12173611111111111
0 0.3788828125 0.2892777777777778 0.023609375 0.082625
0 0.308890625 0.2627777777777778 0.019046874999999998 0.04072222222222222
0 0.0397421875 0.3111527777777778 0.0338671875 0.09673611111111112
0 0.06493750000000001 0.3119722222222222 0.0230390625 0.055763888888888884
0 0.10171875 0.36011111111111105 0.045328125000000004 0.16316666666666668
0 0.1112890625 0.2944861111111111 0.0196796875 0.06526388888888889
0 0.131671875 0.33037500000000003 0.0271015625 0.1185
0 0.156734375 0.3244722222222222 0.0355703125 0.11409722222222222
0 0.26351562500000003 0.3709861111111111 0.0407890625 0.229375