3 0.554328125 0.7568472222222221 0.1970625 0.4862916666666667
3 0.9124296875000001 0.6005833333333334 0.17196093750000002 0.2789027777777778
0 0.3944140625 0.5248472222222222 0.40173437500000003 0.9434027777777778
3 0.53984375 0.5194444444444445 0.5890625 0.5194444444444445 0.61796875 0.5263888888888889 0.63984375 0.5375 0.653125 0.5569444444444445 0.640625 0.9347222222222222 0.6328125 0.9833333333333333 0.61953125 0.9986111111111111 0.5484375 0.9944444444444445 0.53046875 1 0.4765625 1 0.4671875 0.9944444444444445 0.45703125 0.9652777777777778 0.45546875 0.9375 0.45859375 0.8791666666666667 0.4640625 0.8430555555555556 0.46640625 0.75 0.4640625 0.6055555555555555 0.46953125 0.5597222222222222 0.48046875 0.5319444444444444 0.48984375 0.525
3 0.97421875 0 1 0.005555555555555556 0.99921875 0.1111111111111111 0.97890625 0.12222222222222222 0.865625 0.15138888888888888 0.83359375 0.15555555555555556 0.82734375 0.15 0.82578125 0.11388888888888889 0.828125 0.09583333333333334 0.83359375 0.0763888888888889 0.8453125 0.05555555555555555 0.93515625 0.009722222222222222
3 0.7305625 0.5652916666666666 0.08449218750000001 0.2249722222222222
3 0.7377109374999999 0.13845833333333332 0.085109375 0.10087499999999999
3 0.520796875 0.09974999999999999 0.168921875 0.189375
3 0.3041953125 0.075 0.172875 0.15
3 0.212484375 0.8180138888888889 0.09569531249999999 0.28602777777777777
3 0.45203125 0.7091527777777777 0.027921875000000002 0.2905277777777778
3 0.9057578124999999 0.8763888888888889 0.18849218750000002 0.24722222222222223
3 0.8611640625 0.37608333333333327 0.096984375 0.13358333333333333
3 0.955078125 0.37795833333333334 0.0896015625 0.14913888888888888
3 0.9578749999999999 0.26311111111111113 0.0833984375 0.086125
3 0.9117734375 0.07894444444444446 0.17645312500000002 0.15430555555555556
3 0.735484375 0.34361111111111114 0.0761171875 0.18559722222222222
3 0.2376953125 0.3393888888888889 0.09503906250000001 0.16922222222222222
3 0.5675 0.4049861111111111 0.1515859375 0.05043055555555556