3 0.7718125 0.4962129629629629 0.042854166666666665 0.07760185185185185
0 0.4276510416666667 0.23674074074074075 0.036765625 0.0534537037037037
0 0.4614375 0.25062962962962965 0.030390625 0.07197222222222223
0 0.5208854166666667 0.29691666666666666 0.05344270833333333 0.2015925925925926
0 0.5689947916666667 0.2544444444444445 0.023630208333333333 0.09442592592592593
0 0.5784374999999999 0.3415925925925926 0.07897395833333333 0.14464814814814814
0 0.734890625 0.3204166666666667 0.05125520833333333 0.27265740740740746
0 0.7736302083333333 0.22400925925925927 0.034979166666666665 0.07428703703703704
0 0.7886041666666667 0.36960185185185185 0.07048958333333334 0.34325925925925926
0 0.837890625 0.34737962962962965 0.058374999999999996 0.28585185185185186
0 0.9029322916666668 0.41161111111111115 0.08558333333333333 0.4143148148148148
0 0.878125 0.2528240740740741 0.042484375 0.1208148148148148