3 0.4409548573311019 0.728125 0.22159528239192028 0.4890625
3 0.6081241766129427 0.725 0.19016347521032806 0.4578125
3 0.44191985528799843 0.08828125 0.18383971057599685 0.1765625
3 0.22380565954272452 0.06328125 0.17886131908544903 0.1265625
3 0.8536386052879983 0.08828125 0.22593630698520073 0.1609375
3 0.8191747852205907 0.61015625 0.17669080678880889 0.290625
3 0.936335984531004 0.69375 0.12732803093799205 0.3078125
3 0.7996354866232054 0.87734375 0.1904896863754999 0.2453125
3 0.10712073369633912 0.82109375 0.11740671037960508 0.30625
3 0.937358200420656 0.915625 0.11191925878059869 0.16875
3 0.6616965449831481 0.13046875 0.08967155405833438 0.1046875