3 0.5222445794371816 0.7421875 0.2700600534691592 0.49375
3 0.681042862516473 0.70703125 0.2370475655694076 0.459375
3 0.41101424717132956 0.12109375 0.19966469847574828 0.2109375
3 0.19536652127363058 0.125 0.19484993344863372 0.1890625
3 0.8042647983027977 0.07265625 0.23834540339440444 0.1453125
3 0.8639376966290367 0.55859375 0.20329875858420685 0.2984375
3 0.9534360129840114 0.61796875 0.08771012002052529 0.3046875
3 0.892098016303661 0.82109375 0.2077862706844556 0.2640625
3 0.21994576035173258 0.86875 0.14840218032537572 0.2625
3 0.9810787030719442 0.83515625 0.02918857201231546 0.1828125
3 0.6289330001963916 0.1296875 0.09908291549465283 0.1109375