3 0.4881479598981865 0.7442183359325486 0.20872485073199698 0.4836135733609078
3 0.6562257978994591 0.7328888425764133 0.17712940539463345 0.4535624466899989
3 0.47930514465309154 0.09537449264004669 0.1787806226925442 0.19074898528009337
3 0.2592653646562732 0.07555343598822781 0.17521927068745358 0.15110687197645561
3 0.8895704826543642 0.0821734166136388 0.2206772213558171 0.1643468332272776
3 0.8654564419160039 0.608595725214869 0.1689340027052708 0.2863022213558171
3 0.9582973752387316 0.6856298452021423 0.07071467870781625 0.303906797342454
3 0.8522093652132782 0.8743389038829145 0.18237833736472595 0.23334085335772628
3 0.1565065138845053 0.8488449379774101 0.10972263470717998 0.29967383068109044
3 0.9635281258752784 0.9074139385344152 0.05345335868872638 0.16309998400699968
3 0.6983182266470462 0.13638601257164074 0.08711928668045381 0.10256247334499946