2 0.354015625 0.5272638888888889 0.41784375 0.9454722222222223
3 0.47969531249999997 0.711388888888889 0.1874765625 0.46811111111111114
3 0.1669921875 0.8320277777777777 0.0894453125 0.3125833333333333
1 0.46555468749999995 0.11136111111111112 0.16434375 0.1782638888888889
1 0.2613046875 0.08055555555555556 0.1629140625 0.16111111111111112
3 0.6700468749999999 0.152625 0.0798046875 0.0947638888888889
3 0.6394375 0.7042083333333333 0.1524609375 0.41574999999999995
3 0.827234375 0.5908333333333333 0.1509765625 0.2528888888888889
3 0.9453984375 0.6712916666666666 0.109203125 0.2815416666666667
3 0.78309375 0.37866666666666665 0.090421875 0.13494444444444445
3 0.834875 0.8552777777777777 0.18565625 0.23609722222222224
3 0.8467109374999999 0.10497222222222222 0.20023437500000002 0.13483333333333333
3 0.8853515625 0.35250000000000004 0.10684374999999999 0.20826388888888886
3 0.9669765625 0.3610138888888889 0.0635546875 0.19401388888888887
0 0.8752265625 0.2821388888888889 0.0903671875 0.08536111111111111
3 0.9491640625000001 0.9050694444444444 0.1016796875 0.18790277777777778
1 0.666203125 0.3532777777777778 0.0743984375 0.1703888888888889
3 0.9735390625000001 0.4004583333333333 0.0529296875 0.12031944444444444