3 0.5990859375 0.6112916666666667 0.3720234375 0.7337083333333333
3 0.3904609375 0.9305555555555556 0.020398437499999998 0.061125
3 0.357171875 0.9255833333333333 0.010640624999999999 0.028958333333333336
3 0.366375 0.9251250000000001 0.011859375 0.030805555555555555
2 0.32032812499999996 0.8005555555555556 0.09330468750000001 0.3944027777777778
2 0.366 0.9076111111111111 0.020359375 0.06080555555555556
2 0.2711328125 0.5 0.542265625 1
2 0.34328125 0.9038333333333333 0.0207890625 0.06722222222222222
2 0.11379687499999999 0.8727916666666666 0.036671875 0.13681944444444444
1 0.11561718750000001 0.9047777777777779 0.026351562499999998 0.04802777777777777
2 0.086734375 0.8735277777777779 0.039781250000000004 0.14029166666666668