3 0.8129375 0.5672083333333333 0.0624140625 0.17144444444444445
3 0.6413984375 0.5522916666666666 0.0448671875 0.137
3 0.6496484375 0.45644444444444443 0.04871875 0.07601388888888888
3 0.719875 0.42727777777777776 0.0323515625 0.0767638888888889
3 0.0127890625 0.39536111111111116 0.025570312499999998 0.0815
3 0.1504140625 0.43030555555555555 0.040234375 0.07126388888888889
3 0.070515625 0.4193472222222222 0.030515625 0.083125
2 0.032445312500000004 0.2504166666666667 0.06364062499999999 0.17798611111111112
2 0.10606249999999999 0.25863888888888886 0.08625000000000001 0.1715972222222222
2 0.365453125 0.5118611111111111 0.6729296875 0.9572083333333334
2 0.5981953125 0.38998611111111114 0.10540624999999999 0.46923611111111113
2 0.160640625 0.26184722222222223 0.057414062499999995 0.11883333333333333
2 0.775 0.43693055555555554 0.12593749999999998 0.45765277777777774