1 0.6963975155279504 0.3756962025316456 0.05616459627329193 0.32572151898734175
1 0.6209316770186335 0.37121518987341773 0.05967391304347826 0.33141772151898735
1 0.5638975155279503 0.38989873417721516 0.06517080745341615 0.3151645569620253
1 0.5061024844720498 0.37772151898734174 0.05621118012422361 0.32167088607594935
1 0.46127329192546584 0.3980253164556962 0.05324534161490683 0.28268354430379744
1 0.3955124223602485 0.36675949367088606 0.07018633540372671 0.3338481012658228
1 0.3533850931677019 0.3533417721518987 0.044736024844720494 0.3411645569620253
1 0.31453416149068325 0.3769113924050633 0.06167701863354037 0.3119240506329114
1 0.25475155279503103 0.38584810126582275 0.061708074534161494 0.2859240506329114
0 0.17554347826086955 0.2972911392405063 0.13145962732919253 0.3492911392405063
0 0.6453571428571429 0.29405063291139244 0.09059006211180125 0.40939240506329116