5 0.5644600000000001 0.5636281859070464 0.10595 0.1632233883058471
5 0.74754 0.5402398800599699 0.07565000000000001 0.14892053973013494
5 0.15707 0.5099400299850075 0.05082 0.11947526236881559
5 0.05602 0.5008545727136432 0.07392 0.11341829085457272
5 0.08835 0.4965217391304348 0.06006 0.10821589205397303
0 0.21655000000000002 0.4792053973013493 0.039270000000000006 0.17055472263868066
0 0.66843 0.4848425787106447 0.031760000000000004 0.12640179910044977
0 0.93002 0.4973913043478261 0.038689999999999995 0.16709145427286357
0 0.85611 0.48916041979010494 0.02945 0.14892053973013494
0 0.8298300000000001 0.48743628185907045 0.02541 0.12467766116941528
0 0.7417699999999999 0.48830584707646174 0.03754 0.1298650674662669
0 0.78479 0.479640179910045 0.03234 0.12467766116941528