0 0.2532552083333333 0.6021696252465484 0.18454427083333333 0.7132149901380671
0 0.3745703125 0.5769230769230769 0.08641927083333334 0.43453648915187376
0 0.44588541666666665 0.5925246548323472 0.09514322916666666 0.423629191321499
0 0.6281770833333333 0.5445364891518737 0.12084635416666667 0.4977317554240631
5 0.5465625 0.662741617357002 0.19760416666666666 0.5827613412228796
0 0.12700520833333334 0.5875542406311637 0.039010416666666665 0.14193293885601577
0 0.09817708333333335 0.5895660749506904 0.03446614583333333 0.14136094674556213
0 0.06234375 0.6007692307692307 0.03333333333333333 0.12238658777120315
0 0.027252604166666666 0.5944575936883629 0.027656249999999997 0.13502958579881655
0 0.978828125 0.5121104536489152 0.03369791666666667 0.14500986193293885
0 0.9412890625 0.5103944773175542 0.039713541666666664 0.1381854043392505