1 0.892255859375 0.6693031358885018 0.02953125 0.15304878048780488
1 0.698681640625 0.661184668989547 0.03869140625 0.1494425087108014
1 0.7090625 0.6828397212543554 0.04375 0.12144599303135888
1 0.57087890625 0.6754006968641115 0.04423828125 0.1273170731707317
1 0.53671875 0.6715679442508711 0.044248046875 0.15395470383275262
1 0.459912109375 0.6595993031358885 0.05767578125 0.16073170731707317
1 0.34560546875 0.6458885017421603 0.05443359375 0.16937282229965156
0 0.64109375 0.6337108013937283 0.029033203125 0.20777003484320558
0 0.4203125 0.641219512195122 0.038408203125 0.18662020905923346
0 0.360166015625 0.641567944250871 0.04318359375 0.20435540069686411
0 0.253642578125 0.6181881533101045 0.052744140625 0.21289198606271778
0 0.209091796875 0.6320034843205574 0.034404296875 0.21050522648083622
0 0.23318359375 0.6418989547038327 0.06078125 0.21595818815331008