0 0.5443854166666667 0.4683055555555556 0.025239583333333333 0.09665277777777778
0 0.48206249999999995 0.47020833333333334 0.024708333333333332 0.10116666666666667
0 0.46251041666666665 0.4703888888888889 0.02315625 0.10151388888888889
0 0.4228854166666667 0.4703888888888889 0.02264583333333333 0.09804166666666667
0 0.4004583333333333 0.46934722222222225 0.03411458333333333 0.10777777777777776
0 0.37413541666666666 0.4731666666666667 0.02421875 0.100125
0 0.3389375 0.4709027777777778 0.031010416666666665 0.10465277777777778
0 0.5923854166666668 0.5086805555555556 0.06615625 0.23472222222222222
0 0.5115104166666666 0.5057916666666666 0.05521875 0.22419444444444442
0 0.35434375 0.5137777777777778 0.05934375 0.21094444444444443
5 0.42515624999999996 0.5319444444444444 0.07613541666666666 0.17391666666666666