0 0.9003000000000001 0.5493809024134312 0.19647692307692308 0.6025498426023085
0 0.8215461538461538 0.47026232948583424 0.06653846153846153 0.27570828961175237
0 0.6048615384615385 0.464417628541448 0.08436153846153846 0.23458551941238195
0 0.3688153846153846 0.4092969569779643 0.02836153846153846 0.10118572927597062
0 0.3906076923076923 0.40183630640083945 0.021861538461538464 0.11408184679958028
0 0.4060846153846154 0.4005666316894019 0.02353076923076923 0.1242077649527807
0 0.3307 0.40790136411332634 0.035199999999999995 0.12268625393494229
0 0.30715384615384617 0.4120776495278069 0.030384615384615385 0.12445960125918153
0 0.20092307692307693 0.4016159496327387 0.02836153846153846 0.1260230849947534
4 0.48869999999999997 0.5551416579223504 0.14098461538461537 0.47345225603357816
0 0.7145538461538461 0.5360755508919203 0.09443076923076923 0.5248268625393494