0 0.893546875 0.5808571428571428 0.0188203125 0.13485714285714284
0 0.6732734375 0.5751071428571428 0.014453125 0.07203571428571429
0 0.632015625 0.5668392857142858 0.009828125 0.05789285714285715
0 0.6022734375 0.5707857142857142 0.0113828125 0.06451785714285714
0 0.7186640625 0.6367142857142857 0.03421875 0.217375
0 0.76871875 0.6429107142857142 0.0628046875 0.29417857142857146
0 0.79853125 0.6599285714285714 0.04628125 0.3109107142857143
0 0.416484375 0.5679464285714286 0.014765625 0.077375
0 0.22167187500000002 0.5811428571428572 0.0165703125 0.11117857142857142
0 0.151078125 0.5914821428571428 0.0261171875 0.13835714285714287
0 0.2857421875 0.6290535714285714 0.056820312500000004 0.20155357142857144