0 0.7764446294754371 0.4911625 0.1398917568692756 0.47527500000000006
5 0.675895087427144 0.5464249999999999 0.13318900915903414 0.37487499999999996
0 0.638834304746045 0.49405 0.14085761865112406 0.5186125
0 0.5378101582014987 0.47418750000000004 0.11587010824313072 0.43987499999999996
5 0.3429392173189009 0.5623125 0.11968359700249792 0.34887500000000005
5 0.1990924229808493 0.5525625000000001 0.09467943380516236 0.287475
5 0.05225645295587011 0.5764 0.10452123230641132 0.3178125
0 0.12125728559533722 0.5105125 0.11338884263114073 0.5376875
0 0.2613405495420483 0.515875 0.14084929225645296 0.5172
5 0.5063946711074104 0.617425 0.23 0.648725
5 0.844338051623647 0.619375 0.21497918401332222 0.565475