0 0.6487688442211055 0.2984692597239649 0.025117252931323282 0.11924717691342536
0 0.6256365159128978 0.30372647427854454 0.03283082077051926 0.12638644918444167
0 0.6875460636515912 0.3362107904642409 0.032814070351758796 0.16145545796737767
0 0.6065159128978224 0.35776662484316185 0.05438023450586265 0.27811794228356335
0 0.48211892797319933 0.3551442910915935 0.05484924623115577 0.24547051442910914
0 0.6054187604690118 0.4468757841907152 0.11407035175879396 0.29705144291091595
5 0.6853768844221105 0.44654956085319947 0.09793132328308209 0.2572271016311167
5 0.7932328308207706 0.45796737766624845 0.10881909547738694 0.2931242158092848
5 0.3827386934673367 0.44589711417816813 0.1044891122278057 0.30031367628607275
5 0.4548492462311558 0.4540526976160602 0.11972361809045225 0.3179422835633626
5 0.5975795644891122 0.47820577164366374 0.12976549413735344 0.3531869510664994
3 0.2315326633165829 0.41194479297365116 0.1097319932998325 0.43479297365119196
5 0.34503350083752093 0.5199874529485571 0.17549413735343383 0.43153074027603516
5 0.20885259631490788 0.5379422835633626 0.1428140703517588 0.22588456712672522
5 0.14383584589614742 0.562107904642409 0.2876633165829146 0.5131367628607277