5 0.9661384487072561 0.5780952380952381 0.06771476230191827 0.1912531328320802
0 0.8405254378648874 0.5867919799498746 0.06730608840700585 0.29100250626566415
0 0.7984987489574645 0.5936215538847117 0.08071726438698916 0.3695989974937343
0 0.7779399499582986 0.6210150375939849 0.14614678899082567 0.37283208020050124
5 0.4460633861551293 0.6054511278195488 0.10952460383653044 0.22023809523809523
5 0.5602251876563803 0.6170426065162907 0.11729774812343619 0.23723057644110276
5 0.6784487072560468 0.643796992481203 0.12834028356964136 0.25471177944862156
3 0.3138115095913261 0.5884962406015037 0.07737281067556297 0.3454636591478697
5 0.24824854045037528 0.6928696741854636 0.13632193494578815 0.18893483709273184
0 0.16643869891576313 0.5838596491228071 0.06195996663886573 0.27380952380952384
0 0.023085904920767307 0.5877443609022556 0.04582985821517932 0.297280701754386
5 0.046255212677231025 0.6448370927318297 0.09216013344453712 0.2780701754385965