1 0.9276328125 0.54034375 0.051359375 0.23780208333333333
1 0.9023125000000001 0.5771875000000001 0.06936718750000001 0.260125
1 0.8487265624999999 0.5540208333333333 0.053476562500000005 0.26627083333333335
1 0.755171875 0.5336458333333333 0.0530859375 0.21211458333333333
1 0.787609375 0.5730000000000001 0.0777734375 0.24058333333333334
1 0.7380078125 0.59365625 0.09243749999999999 0.25621875
1 0.660984375 0.6011875 0.0899453125 0.21769791666666669
1 0.5372578125 0.5556979166666667 0.07190625 0.21044791666666668
1 0.5613203125 0.5685312499999999 0.07734375 0.2439375
1 0.41439062499999996 0.5735625 0.0899375 0.24952083333333333
1 0.44788281249999995 0.5891875 0.059789062500000004 0.27072916666666663
0 0.34260156249999996 0.5090833333333333 0.0953984375 0.3505520833333333