0 0.43442129629629633 0.36809027777777775 0.021587962962962965 0.12008333333333332
1 0.4429351851851852 0.3867777777777778 0.018837962962962963 0.09425694444444443
1 0.4629953703703704 0.3856736111111111 0.022680555555555558 0.09260416666666667
1 0.4865185185185186 0.3883888888888889 0.02082407407407407 0.0906111111111111
1 0.49788888888888894 0.3865625 0.023462962962962963 0.0974375
1 0.5174074074074073 0.3906875 0.023148148148148147 0.09457638888888889
0 0.5656481481481481 0.3798958333333333 0.026319444444444444 0.11584027777777778
1 0.5565 0.39124305555555555 0.02262037037037037 0.0995
1 0.5813425925925926 0.39324305555555555 0.026685185185185187 0.09945833333333333
1 0.5222777777777777 0.5533611111111111 0.09030555555555556 0.23977083333333332
0 0.6560555555555555 0.4743263888888889 0.07396296296296295 0.2832777777777778