0 0.7367788461538461 0.3870192307692308 0.0625 0.21754807692307693
0 0.671875 0.3942307692307692 0.06009615384615385 0.21514423076923078
0 0.26322115384615385 0.4098557692307692 0.04567307692307692 0.23197115384615385
0 0.3016826923076923 0.4110576923076923 0.04807692307692308 0.2127403846153846
0 0.3401442307692308 0.41586538461538464 0.04447115384615385 0.22115384615384615
0 0.1814903846153846 0.4170673076923077 0.06850961538461539 0.2620192307692308
0 0.22235576923076922 0.41947115384615385 0.056490384615384616 0.234375
0 0.051682692307692304 0.421875 0.06850961538461539 0.2668269230769231
0 0.11658653846153846 0.4254807692307692 0.056490384615384616 0.19591346153846154
0 0.08533653846153846 0.4266826923076923 0.054086538461538464 0.22115384615384615
1 0.5733173076923077 0.46274038461538464 0.5420673076923077 0.8605769230769231