0 0.10697115384615384 0.328125 0.12620192307692307 0.4050480769230769
0 0.9110576923076923 0.33052884615384615 0.15384615384615385 0.5576923076923077
0 0.7800480769230769 0.39903846153846156 0.15985576923076922 0.609375
1 0.46033653846153844 0.5745192307692307 0.3762019230769231 0.7596153846153846
0 0.7475961538461539 0.22716346153846154 0.10576923076923077 0.4110576923076923
0 0.5564903846153846 0.23076923076923078 0.12379807692307693 0.32572115384615385
0 0.3581730769230769 0.23317307692307693 0.08413461538461539 0.31971153846153844
0 0.2127403846153846 0.23677884615384615 0.0985576923076923 0.31971153846153844
0 0.6237980769230769 0.27403846153846156 0.13581730769230768 0.4266826923076923
0 0.45552884615384615 0.2932692307692308 0.1622596153846154 0.3786057692307692
0 0.046875 0.2932692307692308 0.09375 0.3713942307692308