0 0.6081730769230769 0.33533653846153844 0.10216346153846154 0.2704326923076923
0 0.0733173076923077 0.34975961538461536 0.0673076923076923 0.21995192307692307
0 0.15985576923076922 0.3713942307692308 0.08533653846153846 0.296875
0 0.7752403846153846 0.3737980769230769 0.18990384615384615 0.5528846153846154
0 0.3641826923076923 0.3762019230769231 0.0673076923076923 0.3004807692307692
0 0.036057692307692304 0.38341346153846156 0.07211538461538461 0.3137019230769231
0 0.26802884615384615 0.4014423076923077 0.08533653846153846 0.3233173076923077
0 0.5336538461538461 0.40865384615384615 0.16706730769230768 0.3701923076923077
1 0.4375 0.49278846153846156 0.1346153846153846 0.3269230769230769
1 0.5697115384615384 0.6033653846153846 0.2247596153846154 0.49278846153846156
1 0.8293269230769231 0.671875 0.33774038461538464 0.6502403846153846