0 0.5889423076923077 0.3870192307692308 0.046875 0.1778846153846154
0 0.6899038461538461 0.4014423076923077 0.042067307692307696 0.19230769230769232
0 0.7295673076923077 0.4098557692307692 0.04326923076923077 0.2127403846153846
0 0.8076923076923077 0.41225961538461536 0.0673076923076923 0.2848557692307692
0 0.7644230769230769 0.41346153846153844 0.04807692307692308 0.23918269230769232
0 0.8629807692307693 0.4423076923076923 0.055288461538461536 0.2800480769230769
0 0.9254807692307693 0.4483173076923077 0.06490384615384616 0.32211538461538464
0 0.40865384615384615 0.4519230769230769 0.10336538461538461 0.3858173076923077
0 0.5120192307692307 0.5829326923076923 0.10576923076923077 0.5240384615384616
1 0.25721153846153844 0.6057692307692307 0.171875 0.39903846153846156
1 0.6430288461538461 0.6081730769230769 0.17548076923076922 0.421875
1 0.32572115384615385 0.6971153846153846 0.27163461538461536 0.6021634615384616